R S  RYG TIME
00   100    0
10   100    1
11   100    2
10   100    3
11   100    4
10   100    5
01   100    6
01   010    7
11   100    8
11   100    9
11   100   10
01   100   11
01   010   12
01   001   13
11   100   14
01   100   15
01   010   16
01   001   17
00   001   18
10   100   19
00   100   20
01   100   21   
01   010   22
00   001   23
01   001   24
00   001   25
01   100   26
11   100   27
01   100   28
00   010   29
01   001   30
00   001   31
01   001   32
00   100   33
01   100   34
00   010   35
01   001   36
00   001   37
00   001   38
